data/dkgeoid13b.utm33
ncols 81
nrows 91
xllcenter 475000.0
yllcenter 6090000.0
cellsize 500
NODATA_value 9999
[rows 0 to 31 of 91, columns 0 to 70 of 81]
34.536 34.528 34.521 34.515 34.508 34.501 34.494 34.487 34.480 34.473 34.465 34.457 34.449 34.442 34.434 34.427 34.419 34.411 34.402 34.393 34.385 34.377 34.369 34.362 34.354 34.345 34.336 34.328 34.321 34.313 34.305 34.297 34.289 34.282 34.273 34.265 34.256 34.247 34.239 34.230 34.221 34.212 34.203 34.194 34.184 34.173 34.163 34.153 34.143 34.132 34.121 34.109 34.097 34.086 34.074 34.061 34.049 34.037 34.025 34.013 34.001 33.988 33.976 33.964 33.952 33.940 33.928 33.916 33.904 33.893 33.881
34.537 34.530 34.523 34.517 34.510 34.503 34.497 34.491 34.484 34.477 34.469 34.461 34.453 34.446 34.439 34.432 34.425 34.417 34.409 34.400 34.392 34.384 34.376 34.369 34.361 34.352 34.344 34.336 34.328 34.320 34.312 34.304 34.297 34.289 34.281 34.273 34.264 34.256 34.247 34.238 34.229 34.221 34.212 34.203 34.193 34.183 34.172 34.163 34.153 34.142 34.131 34.120 34.108 34.096 34.084 34.072 34.060 34.048 34.036 34.025 34.013 34.000 33.988 33.976 33.964 33.953 33.941 33.930 33.918 33.906 33.894
34.538 34.532 34.525 34.519 34.512 34.506 34.500 34.494 34.488 34.481 34.474 34.466 34.458 34.451 34.444 34.437 34.430 34.423 34.415 34.407 34.399 34.391 34.384 34.376 34.368 34.360 34.352 34.344 34.336 34.327 34.319 34.312 34.304 34.297 34.289 34.281 34.272 34.264 34.255 34.246 34.238 34.230 34.221 34.211 34.201 34.192 34.182 34.172 34.162 34.152 34.142 34.130 34.118 34.107 34.095 34.083 34.071 34.059 34.047 34.036 34.025 34.013 34.000 33.988 33.976 33.965 33.955 33.943 33.931 33.919 33.907
34.539 34.533 34.527 34.520 34.514 34.508 34.503 34.497 34.491 34.485 34.478 34.471 34.464 34.456 34.449 34.442 34.436 34.429 34.422 34.414 34.406 34.398 34.391 34.383 34.375 34.367 34.360 34.352 34.343 34.335 34.327 34.320 34.313 34.305 34.297 34.289 34.280 34.272 34.263 34.255 34.247 34.239 34.230 34.220 34.210 34.201 34.191 34.181 34.171 34.162 34.151 34.140 34.128 34.117 34.105 34.093 34.081 34.070 34.058 34.047 34.036 34.024 34.012 34.000 33.989 33.978 33.968 33.956 33.944 33.932 33.920
34.540 34.534 34.528 34.522 34.517 34.511 34.506 34.501 34.495 34.489 34.482 34.476 34.469 34.462 34.455 34.449 34.442 34.436 34.428 34.421 34.413 34.405 34.397 34.390 34.383 34.376 34.368 34.360 34.352 34.344 34.336 34.329 34.322 34.315 34.306 34.297 34.289 34.281 34.273 34.265 34.256 34.247 34.238 34.229 34.220 34.210 34.200 34.191 34.181 34.171 34.160 34.149 34.138 34.127 34.115 34.103 34.092 34.081 34.070 34.058 34.047 34.035 34.024 34.013 34.002 33.991 33.980 33.969 33.957 33.945 33.934
34.542 34.536 34.530 34.524 34.519 34.514 34.509 34.504 34.499 34.493 34.486 34.481 34.475 34.468 34.462 34.456 34.449 34.443 34.435 34.428 34.421 34.413 34.405 34.398 34.392 34.385 34.377 34.368 34.361 34.354 34.346 34.338 34.332 34.324 34.316 34.306 34.298 34.290 34.282 34.274 34.265 34.256 34.247 34.239 34.229 34.219 34.209 34.200 34.190 34.180 34.169 34.159 34.148 34.137 34.125 34.114 34.103 34.092 34.081 34.070 34.058 34.046 34.035 34.025 34.014 34.003 33.992 33.981 33.970 33.958 33.947
34.544 34.538 34.532 34.526 34.522 34.517 34.512 34.507 34.502 34.496 34.491 34.486 34.480 34.474 34.468 34.463 34.457 34.450 34.443 34.436 34.429 34.422 34.414 34.407 34.400 34.393 34.385 34.377 34.370 34.363 34.355 34.348 34.341 34.333 34.325 34.316 34.308 34.300 34.292 34.284 34.275 34.267 34.258 34.248 34.239 34.229 34.219 34.209 34.200 34.190 34.180 34.169 34.158 34.147 34.136 34.125 34.114 34.103 34.092 34.081 34.069 34.058 34.048 34.037 34.026 34.015 34.005 33.994 33.983 33.971 33.960
34.546 34.539 34.534 34.529 34.524 34.519 34.514 34.510 34.505 34.501 34.496 34.490 34.485 34.480 34.475 34.469 34.464 34.457 34.451 34.444 34.437 34.430 34.423 34.416 34.409 34.402 34.394 34.387 34.379 34.371 34.364 34.357 34.350 34.342 34.334 34.326 34.318 34.310 34.301 34.293 34.285 34.277 34.268 34.258 34.248 34.239 34.229 34.219 34.209 34.200 34.190 34.179 34.168 34.157 34.147 34.136 34.125 34.114 34.103 34.092 34.081 34.070 34.060 34.049 34.037 34.026 34.017 34.007 33.996 33.984 33.973
34.546 34.541 34.536 34.531 34.526 34.522 34.517 34.513 34.509 34.505 34.500 34.495 34.490 34.485 34.481 34.476 34.470 34.465 34.459 34.452 34.445 34.438 34.432 34.425 34.418 34.411 34.403 34.395 34.387 34.380 34.373 34.366 34.359 34.351 34.343 34.335 34.328 34.320 34.311 34.302 34.294 34.287 34.278 34.267 34.257 34.248 34.239 34.229 34.219 34.210 34.200 34.189 34.178 34.167 34.156 34.146 34.136 34.125 34.114 34.103 34.092 34.081 34.072 34.061 34.050 34.039 34.029 34.018 34.008 33.996 33.985
34.547 34.542 34.538 34.534 34.529 34.524 34.520 34.517 34.514 34.509 34.505 34.500 34.495 34.491 34.486 34.482 34.477 34.472 34.467 34.460 34.453 34.446 34.440 34.434 34.427 34.420 34.412 34.404 34.396 34.388 34.382 34.375 34.368 34.361 34.353 34.345 34.337 34.329 34.320 34.312 34.304 34.296 34.287 34.277 34.267 34.258 34.249 34.239 34.229 34.220 34.210 34.200 34.188 34.177 34.166 34.155 34.146 34.135 34.125 34.114 34.103 34.093 34.083 34.073 34.062 34.052 34.041 34.030 34.019 34.008 33.997
34.549 34.545 34.541 34.536 34.532 34.528 34.524 34.521 34.517 34.514 34.509 34.505 34.501 34.497 34.493 34.489 34.484 34.479 34.474 34.468 34.461 34.455 34.448 34.442 34.436 34.429 34.421 34.413 34.405 34.398 34.391 34.384 34.377 34.370 34.362 34.354 34.346 34.338 34.330 34.321 34.313 34.305 34.296 34.286 34.277 34.268 34.258 34.249 34.239 34.229 34.219 34.209 34.199 34.187 34.176 34.165 34.155 34.146 34.136 34.125 34.114 34.103 34.093 34.084 34.074 34.063 34.053 34.042 34.031 34.020 34.009
34.552 34.548 34.543 34.539 34.535 34.532 34.528 34.525 34.521 34.518 34.514 34.511 34.507 34.504 34.501 34.496 34.492 34.487 34.482 34.477 34.471 34.464 34.458 34.452 34.446 34.439 34.431 34.423 34.416 34.409 34.401 34.394 34.387 34.380 34.372 34.364 34.356 34.348 34.339 34.331 34.323 34.315 34.306 34.296 34.287 34.277 34.268 34.258 34.249 34.239 34.229 34.219 34.209 34.198 34.187 34.176 34.165 34.156 34.146 34.136 34.125 34.114 34.104 34.094 34.084 34.074 34.064 34.054 34.042 34.031 34.020
34.554 34.550 34.546 34.542 34.539 34.535 34.532 34.530 34.527 34.523 34.520 34.517 34.514 34.511 34.508 34.504 34.500 34.496 34.491 34.486 34.481 34.475 34.469 34.463 34.457 34.450 34.441 34.434 34.427 34.419 34.412 34.404 34.397 34.390 34.382 34.375 34.366 34.357 34.349 34.341 34.333 34.325 34.316 34.306 34.296 34.287 34.277 34.268 34.259 34.249 34.239 34.229 34.219 34.208 34.198 34.187 34.176 34.166 34.156 34.146 34.136 34.125 34.114 34.104 34.094 34.084 34.075 34.064 34.054 34.042 34.031
34.556 34.552 34.549 34.546 34.542 34.539 34.536 34.535 34.533 34.529 34.526 34.524 34.521 34.518 34.515 34.512 34.509 34.505 34.501 34.496 34.491 34.486 34.480 34.474 34.468 34.460 34.453 34.445 34.438 34.430 34.422 34.415 34.408 34.401 34.393 34.385 34.376 34.368 34.360 34.352 34.344 34.335 34.326 34.316 34.306 34.297 34.287 34.278 34.269 34.259 34.249 34.239 34.228 34.218 34.208 34.197 34.186 34.176 34.166 34.156 34.146 34.135 34.124 34.114 34.104 34.094 34.084 34.074 34.064 34.053 34.042
34.558 34.554 34.551 34.548 34.545 34.542 34.540 34.539 34.537 34.535 34.532 34.529 34.527 34.525 34.522 34.520 34.518 34.514 34.510 34.505 34.501 34.496 34.491 34.485 34.478 34.471 34.464 34.456 34.448 34.441 34.433 34.426 34.419 34.412 34.404 34.396 34.387 34.378 34.370 34.362 34.354 34.345 34.336 34.326 34.316 34.307 34.297 34.288 34.278 34.269 34.260 34.249 34.238 34.228 34.218 34.207 34.196 34.186 34.176 34.166 34.156 34.145 34.134 34.123 34.114 34.104 34.094 34.084 34.074 34.063 34.052
34.560 34.557 34.553 34.550 34.547 34.545 34.544 34.542 34.540 34.538 34.536 34.534 34.532 34.531 34.530 34.528 34.526 34.522 34.518 34.514 34.511 34.506 34.501 34.495 34.489 34.482 34.475 34.467 34.459 34.451 34.443 34.436 34.429 34.422 34.415 34.407 34.398 34.389 34.380 34.372 34.364 34.355 34.345 34.336 34.326 34.317 34.307 34.297 34.287 34.278 34.269 34.259 34.248 34.237 34.227 34.216 34.206 34.196 34.186 34.176 34.165 34.154 34.143 34.133 34.123 34.114 34.104 34.093 34.083 34.073 34.061
34.561 34.558 34.555 34.552 34.550 34.548 34.547 34.545 34.543 34.542 34.540 34.538 34.537 34.537 34.536 34.535 34.533 34.530 34.526 34.523 34.520 34.516 34.510 34.505 34.499 34.493 34.485 34.477 34.469 34.461 34.454 34.447 34.440 34.433 34.425 34.417 34.408 34.399 34.390 34.382 34.373 34.364 34.355 34.345 34.336 34.327 34.317 34.307 34.297 34.288 34.278 34.268 34.258 34.247 34.236 34.225 34.216 34.206 34.196 34.186 34.175 34.164 34.153 34.142 34.133 34.124 34.113 34.103 34.092 34.082 34.071
34.560 34.558 34.556 34.554 34.552 34.551 34.549 34.548 34.547 34.545 34.544 34.543 34.542 34.542 34.542 34.541 34.540 34.538 34.535 34.532 34.529 34.525 34.520 34.515 34.510 34.503 34.496 34.488 34.480 34.473 34.466 34.458 34.451 34.444 34.435 34.427 34.418 34.409 34.401 34.392 34.383 34.374 34.365 34.356 34.346 34.336 34.327 34.317 34.308 34.298 34.288 34.277 34.267 34.256 34.246 34.235 34.226 34.216 34.205 34.195 34.184 34.173 34.163 34.153 34.143 34.133 34.123 34.112 34.102 34.091 34.081
34.560 34.558 34.557 34.557 34.555 34.553 34.551 34.551 34.550 34.549 34.548 34.548 34.548 34.548 34.548 34.547 34.547 34.546 34.544 34.541 34.538 34.534 34.530 34.526 34.521 34.514 34.507 34.499 34.492 34.485 34.477 34.470 34.462 34.455 34.446 34.437 34.428 34.420 34.411 34.403 34.394 34.385 34.376 34.366 34.357 34.346 34.337 34.328 34.319 34.309 34.298 34.287 34.277 34.267 34.256 34.246 34.236 34.225 34.215 34.204 34.193 34.183 34.173 34.163 34.153 34.142 34.132 34.122 34.111 34.101 34.090
34.561 34.559 34.558 34.558 34.557 34.555 34.554 34.553 34.552 34.551 34.551 34.552 34.553 34.554 34.554 34.555 34.555 34.554 34.553 34.551 34.548 34.544 34.541 34.537 34.532 34.526 34.518 34.511 34.504 34.497 34.489 34.481 34.473 34.466 34.457 34.448 34.439 34.430 34.422 34.413 34.405 34.396 34.387 34.377 34.367 34.357 34.347 34.338 34.329 34.320 34.309 34.299 34.288 34.278 34.267 34.257 34.246 34.236 34.226 34.215 34.204 34.193 34.183 34.173 34.162 34.152 34.142 34.131 34.121 34.110 34.099
34.563 34.560 34.559 34.558 34.558 34.557 34.556 34.554 34.553 34.554 34.555 34.556 34.557 34.559 34.561 34.562 34.562 34.562 34.561 34.560 34.557 34.554 34.551 34.547 34.544 34.538 34.530 34.522 34.515 34.508 34.500 34.492 34.484 34.477 34.469 34.460 34.451 34.441 34.432 34.424 34.416 34.407 34.398 34.387 34.377 34.367 34.358 34.349 34.340 34.331 34.321 34.311 34.300 34.289 34.278 34.267 34.256 34.246 34.236 34.226 34.214 34.203 34.192 34.182 34.171 34.161 34.152 34.141 34.130 34.119 34.108
34.563 34.561 34.560 34.559 34.558 34.558 34.557 34.556 34.556 34.556 34.557 34.559 34.561 34.563 34.565 34.567 34.568 34.569 34.568 34.568 34.566 34.563 34.560 34.557 34.554 34.549 34.542 34.534 34.527 34.520 34.512 34.504 34.496 34.489 34.480 34.471 34.462 34.452 34.443 34.435 34.426 34.418 34.409 34.398 34.388 34.379 34.370 34.360 34.350 34.342 34.332 34.322 34.311 34.299 34.288 34.277 34.266 34.256 34.247 34.236 34.225 34.213 34.202 34.192 34.181 34.171 34.161 34.151 34.140 34.128 34.118
34.563 34.562 34.561 34.559 34.558 34.558 34.558 34.558 34.558 34.558 34.560 34.562 34.564 34.566 34.568 34.571 34.573 34.575 34.575 34.575 34.574 34.572 34.570 34.567 34.564 34.559 34.552 34.545 34.538 34.531 34.524 34.516 34.508 34.500 34.492 34.483 34.473 34.464 34.454 34.445 34.437 34.429 34.420 34.410 34.400 34.391 34.381 34.372 34.362 34.352 34.343 34.332 34.321 34.310 34.298 34.287 34.276 34.266 34.257 34.246 34.234 34.223 34.212 34.202 34.191 34.180 34.170 34.160 34.150 34.139 34.128
34.562 34.562 34.561 34.559 34.558 34.558 34.558 34.558 34.559 34.560 34.561 34.564 34.567 34.569 34.572 34.575 34.578 34.580 34.581 34.581 34.581 34.580 34.578 34.576 34.573 34.569 34.563 34.556 34.549 34.542 34.535 34.528 34.520 34.512 34.503 34.494 34.484 34.475 34.466 34.457 34.448 34.440 34.431 34.421 34.412 34.402 34.393 34.383 34.373 34.363 34.353 34.342 34.331 34.320 34.308 34.297 34.286 34.276 34.266 34.256 34.244 34.233 34.222 34.211 34.200 34.190 34.180 34.170 34.159 34.148 34.137
34.562 34.561 34.560 34.559 34.558 34.557 34.557 34.557 34.559 34.561 34.563 34.566 34.569 34.573 34.576 34.580 34.583 34.586 34.587 34.589 34.589 34.589 34.587 34.585 34.583 34.579 34.573 34.567 34.561 34.554 34.547 34.539 34.531 34.523 34.515 34.506 34.496 34.487 34.478 34.469 34.460 34.451 34.442 34.432 34.422 34.412 34.403 34.393 34.384 34.374 34.363 34.352 34.341 34.329 34.319 34.308 34.297 34.286 34.275 34.265 34.255 34.244 34.232 34.220 34.210 34.200 34.190 34.179 34.169 34.158 34.147
34.561 34.560 34.559 34.558 34.557 34.557 34.557 34.557 34.559 34.561 34.564 34.567 34.571 34.576 34.580 34.584 34.588 34.591 34.593 34.595 34.597 34.597 34.596 34.595 34.592 34.589 34.584 34.578 34.572 34.565 34.558 34.550 34.543 34.535 34.527 34.517 34.508 34.499 34.491 34.481 34.472 34.463 34.453 34.443 34.433 34.423 34.413 34.404 34.394 34.384 34.373 34.362 34.351 34.340 34.329 34.318 34.307 34.296 34.285 34.275 34.265 34.254 34.242 34.230 34.220 34.210 34.199 34.189 34.178 34.167 34.156
34.560 34.560 34.559 34.558 34.557 34.557 34.557 34.558 34.559 34.561 34.565 34.569 34.573 34.578 34.583 34.588 34.592 34.596 34.599 34.602 34.603 34.604 34.604 34.604 34.602 34.598 34.593 34.588 34.583 34.576 34.569 34.562 34.555 34.548 34.539 34.529 34.521 34.512 34.503 34.493 34.484 34.475 34.465 34.455 34.444 34.434 34.424 34.414 34.404 34.395 34.384 34.373 34.361 34.350 34.339 34.328 34.318 34.307 34.296 34.285 34.274 34.263 34.251 34.241 34.230 34.220 34.210 34.199 34.188 34.177 34.167
34.560 34.559 34.558 34.557 34.557 34.557 34.557 34.558 34.560 34.562 34.565 34.570 34.575 34.580 34.585 34.591 34.597 34.601 34.605 34.607 34.610 34.611 34.612 34.612 34.611 34.608 34.603 34.598 34.593 34.587 34.580 34.574 34.568 34.561 34.551 34.542 34.533 34.525 34.515 34.505 34.496 34.488 34.478 34.467 34.456 34.446 34.436 34.425 34.415 34.405 34.395 34.384 34.372 34.361 34.350 34.339 34.328 34.317 34.307 34.296 34.284 34.272 34.262 34.251 34.241 34.230 34.220 34.209 34.198 34.187 34.177
34.559 34.558 34.557 34.557 34.556 34.556 34.557 34.557 34.559 34.562 34.566 34.571 34.577 34.583 34.589 34.595 34.601 34.606 34.610 34.613 34.616 34.618 34.619 34.620 34.619 34.616 34.612 34.608 34.603 34.597 34.591 34.585 34.579 34.572 34.564 34.554 34.546 34.537 34.527 34.517 34.509 34.501 34.491 34.480 34.468 34.458 34.448 34.437 34.426 34.416 34.406 34.395 34.384 34.372 34.360 34.349 34.338 34.328 34.318 34.307 34.295 34.283 34.272 34.261 34.251 34.240 34.230 34.219 34.208 34.197 34.186
34.557 34.556 34.556 34.555 34.555 34.555 34.555 34.556 34.558 34.562 34.566 34.572 34.578 34.585 34.592 34.599 34.605 34.610 34.615 34.618 34.621 34.624 34.625 34.626 34.626 34.624 34.621 34.617 34.612 34.607 34.601 34.595 34.590 34.583 34.575 34.567 34.558 34.549 34.539 34.530 34.521 34.513 34.503 34.492 34.480 34.470 34.460 34.449 34.438 34.427 34.416 34.406 34.395 34.383 34.371 34.360 34.348 34.338 34.329 34.318 34.306 34.294 34.283 34.272 34.260 34.249 34.239 34.229 34.219 34.207 34.196
34.554 34.554 34.553 34.553 34.553 34.553 34.554 34.555 34.557 34.561 34.566 34.572 34.579 34.586 34.594 34.601 34.608 34.613 34.618 34.622 34.626 34.629 34.631 34.632 34.632 34.631 34.628 34.625 34.621 34.616 34.611 34.606 34.600 34.594 34.587 34.579 34.570 34.561 34.551 34.542 34.534 34.525 34.515 34.503 34.492 34.482 34.471 34.460 34.449 34.439 34.428 34.417 34.406 34.394 34.383 34.371 34.359 34.349 34.339 34.328 34.316 34.305 34.293 34.282 34.270 34.259 34.249 34.239 34.228 34.216 34.205
34.551 34.551 34.550 34.550 34.550 34.551 34.552 34.554 34.556 34.560 34.565 34.572 34.579 34.587 34.594 34.602 34.610 34.616 34.621 34.625 34.629 34.633 34.636 34.638 34.638 34.637 34.635 34.632 34.629 34.625 34.620 34.616 34.610 34.605 34.598 34.590 34.581 34.572 34.563 34.554 34.546 34.537 34.527 34.515 34.504 34.493 34.482 34.471 34.461 34.450 34.440 34.428 34.416 34.405 34.394 34.382 34.370 34.359 34.349 34.338 34.327 34.315 34.304 34.292 34.281 34.270 34.259 34.249 34.237 34.225 34.213
