data/dkgeoid13b.utm33
ncols 81
nrows 91
xllcenter 475000.0
yllcenter 6090000.0
cellsize 500
NODATA_value 9999
[rows 32 to 63 of 91, columns 0 to 70 of 81]
34.548 34.548 34.548 34.547 34.548 34.549 34.551 34.553 34.555 34.559 34.564 34.571 34.579 34.587 34.595 34.603 34.611 34.618 34.624 34.628 34.633 34.637 34.640 34.642 34.643 34.643 34.641 34.639 34.636 34.633 34.629 34.625 34.620 34.615 34.608 34.600 34.592 34.584 34.575 34.566 34.557 34.549 34.539 34.527 34.516 34.505 34.494 34.483 34.472 34.462 34.451 34.440 34.428 34.416 34.405 34.393 34.381 34.370 34.360 34.349 34.337 34.325 34.314 34.302 34.291 34.280 34.269 34.258 34.246 34.234 34.223
34.545 34.545 34.546 34.546 34.546 34.547 34.549 34.550 34.554 34.558 34.564 34.571 34.579 34.587 34.596 34.604 34.613 34.620 34.626 34.632 34.636 34.640 34.643 34.646 34.648 34.649 34.647 34.645 34.643 34.641 34.637 34.633 34.630 34.625 34.618 34.610 34.603 34.595 34.586 34.578 34.569 34.561 34.551 34.540 34.528 34.517 34.506 34.495 34.484 34.474 34.463 34.451 34.439 34.427 34.415 34.404 34.392 34.382 34.371 34.360 34.348 34.336 34.324 34.312 34.301 34.290 34.278 34.267 34.255 34.244 34.232
34.542 34.543 34.543 34.544 34.545 34.546 34.547 34.549 34.552 34.558 34.564 34.571 34.579 34.587 34.597 34.606 34.614 34.622 34.629 34.634 34.639 34.643 34.647 34.650 34.653 34.654 34.653 34.652 34.650 34.648 34.645 34.641 34.638 34.634 34.628 34.620 34.613 34.606 34.598 34.589 34.581 34.573 34.563 34.552 34.541 34.530 34.519 34.508 34.497 34.486 34.475 34.464 34.452 34.439 34.427 34.415 34.404 34.393 34.383 34.372 34.359 34.347 34.334 34.322 34.311 34.300 34.289 34.277 34.265 34.253 34.242
34.539 34.539 34.541 34.542 34.543 34.544 34.545 34.547 34.551 34.557 34.564 34.571 34.579 34.588 34.597 34.607 34.616 34.624 34.630 34.637 34.642 34.647 34.651 34.655 34.658 34.659 34.658 34.658 34.656 34.655 34.652 34.649 34.646 34.643 34.637 34.630 34.623 34.616 34.609 34.601 34.593 34.584 34.575 34.564 34.554 34.543 34.532 34.520 34.509 34.499 34.489 34.477 34.464 34.452 34.439 34.427 34.416 34.405 34.395 34.383 34.370 34.358 34.345 34.333 34.322 34.310 34.299 34.288 34.275 34.263 34.251
34.535 34.536 34.538 34.540 34.541 34.542 34.543 34.546 34.550 34.556 34.563 34.570 34.578 34.587 34.596 34.607 34.616 34.624 34.631 34.638 34.644 34.650 34.655 34.659 34.661 34.663 34.663 34.662 34.662 34.660 34.658 34.655 34.653 34.650 34.645 34.639 34.632 34.626 34.619 34.611 34.603 34.596 34.586 34.576 34.565 34.555 34.544 34.533 34.522 34.512 34.501 34.489 34.477 34.464 34.451 34.439 34.427 34.416 34.406 34.394 34.381 34.368 34.356 34.344 34.332 34.320 34.309 34.298 34.285 34.272 34.260
34.531 34.532 34.534 34.536 34.538 34.539 34.541 34.544 34.549 34.554 34.561 34.568 34.576 34.585 34.595 34.605 34.615 34.623 34.630 34.638 34.645 34.651 34.656 34.660 34.664 34.666 34.666 34.666 34.665 34.665 34.663 34.661 34.659 34.656 34.652 34.647 34.640 34.633 34.626 34.620 34.613 34.606 34.597 34.586 34.576 34.566 34.556 34.545 34.534 34.523 34.512 34.500 34.488 34.475 34.463 34.450 34.438 34.427 34.416 34.404 34.391 34.378 34.365 34.353 34.341 34.329 34.318 34.306 34.294 34.281 34.268
34.527 34.529 34.530 34.532 34.534 34.536 34.539 34.543 34.547 34.552 34.558 34.565 34.574 34.583 34.593 34.603 34.613 34.622 34.630 34.637 34.644 34.650 34.656 34.661 34.665 34.668 34.669 34.669 34.669 34.668 34.668 34.666 34.664 34.661 34.658 34.653 34.647 34.640 34.633 34.627 34.621 34.615 34.607 34.596 34.586 34.576 34.566 34.556 34.545 34.534 34.523 34.510 34.498 34.486 34.474 34.461 34.449 34.437 34.426 34.413 34.400 34.387 34.374 34.362 34.349 34.337 34.326 34.314 34.301 34.288 34.276
34.523 34.525 34.527 34.529 34.531 34.533 34.536 34.540 34.545 34.550 34.556 34.564 34.572 34.581 34.591 34.602 34.612 34.621 34.630 34.637 34.644 34.650 34.656 34.662 34.667 34.670 34.671 34.672 34.673 34.673 34.672 34.671 34.669 34.667 34.663 34.659 34.653 34.647 34.641 34.635 34.630 34.623 34.615 34.606 34.596 34.586 34.576 34.567 34.557 34.546 34.534 34.522 34.509 34.497 34.485 34.472 34.460 34.448 34.436 34.424 34.410 34.396 34.384 34.371 34.359 34.346 34.334 34.322 34.309 34.296 34.283
34.519 34.521 34.524 34.526 34.528 34.530 34.533 34.537 34.542 34.547 34.554 34.562 34.571 34.580 34.590 34.601 34.612 34.621 34.630 34.637 34.644 34.650 34.656 34.662 34.668 34.672 34.674 34.675 34.676 34.677 34.676 34.675 34.674 34.672 34.668 34.664 34.659 34.655 34.649 34.644 34.638 34.631 34.624 34.616 34.606 34.596 34.586 34.577 34.568 34.558 34.547 34.534 34.521 34.509 34.496 34.484 34.471 34.460 34.448 34.434 34.420 34.406 34.394 34.381 34.369 34.356 34.343 34.331 34.318 34.305 34.292
34.514 34.517 34.520 34.523 34.525 34.527 34.530 34.534 34.539 34.545 34.552 34.561 34.570 34.579 34.589 34.600 34.611 34.621 34.629 34.637 34.644 34.651 34.657 34.663 34.669 34.674 34.676 34.678 34.680 34.681 34.680 34.680 34.679 34.678 34.674 34.669 34.666 34.662 34.657 34.651 34.646 34.640 34.633 34.625 34.616 34.606 34.597 34.588 34.579 34.569 34.559 34.546 34.533 34.520 34.507 34.495 34.483 34.471 34.458 34.445 34.430 34.416 34.404 34.391 34.378 34.365 34.352 34.339 34.326 34.313 34.300
34.509 34.513 34.516 34.519 34.522 34.526 34.529 34.532 34.537 34.543 34.550 34.559 34.569 34.578 34.588 34.599 34.610 34.619 34.627 34.636 34.644 34.651 34.658 34.665 34.671 34.675 34.678 34.680 34.682 34.684 34.684 34.684 34.684 34.683 34.679 34.675 34.672 34.669 34.664 34.658 34.653 34.649 34.643 34.634 34.625 34.617 34.608 34.599 34.589 34.580 34.570 34.558 34.544 34.531 34.519 34.506 34.493 34.481 34.469 34.455 34.440 34.426 34.413 34.400 34.387 34.374 34.361 34.348 34.335 34.322 34.309
34.504 34.508 34.511 34.515 34.519 34.523 34.527 34.531 34.536 34.542 34.549 34.558 34.567 34.576 34.586 34.597 34.608 34.617 34.626 34.635 34.643 34.651 34.658 34.665 34.672 34.676 34.679 34.681 34.684 34.686 34.687 34.687 34.688 34.687 34.684 34.681 34.678 34.674 34.670 34.664 34.661 34.657 34.651 34.642 34.633 34.626 34.617 34.608 34.599 34.590 34.580 34.568 34.555 34.542 34.530 34.517 34.504 34.492 34.479 34.465 34.450 34.436 34.423 34.409 34.396 34.383 34.370 34.357 34.344 34.330 34.316
34.499 34.502 34.506 34.510 34.514 34.519 34.524 34.529 34.535 34.541 34.548 34.557 34.566 34.575 34.584 34.595 34.606 34.616 34.625 34.634 34.643 34.651 34.658 34.666 34.672 34.677 34.680 34.682 34.685 34.688 34.689 34.690 34.690 34.690 34.688 34.685 34.682 34.678 34.674 34.670 34.667 34.663 34.657 34.649 34.641 34.633 34.625 34.616 34.607 34.598 34.589 34.577 34.564 34.552 34.540 34.527 34.514 34.501 34.488 34.475 34.460 34.446 34.432 34.418 34.404 34.391 34.378 34.366 34.352 34.338 34.323
34.493 34.497 34.501 34.505 34.510 34.514 34.520 34.527 34.533 34.539 34.546 34.555 34.565 34.573 34.583 34.593 34.604 34.615 34.624 34.633 34.642 34.650 34.658 34.665 34.672 34.677 34.680 34.683 34.686 34.689 34.690 34.691 34.692 34.693 34.691 34.688 34.685 34.682 34.678 34.675 34.672 34.668 34.663 34.655 34.647 34.639 34.631 34.623 34.614 34.606 34.597 34.585 34.573 34.561 34.549 34.536 34.524 34.511 34.497 34.484 34.470 34.455 34.440 34.426 34.412 34.399 34.386 34.373 34.359 34.344 34.329
34.487 34.491 34.495 34.500 34.505 34.510 34.516 34.523 34.530 34.537 34.545 34.554 34.563 34.572 34.582 34.592 34.603 34.613 34.623 34.632 34.641 34.649 34.657 34.664 34.671 34.676 34.680 34.684 34.687 34.690 34.691 34.693 34.694 34.695 34.693 34.691 34.688 34.685 34.682 34.679 34.676 34.672 34.667 34.660 34.653 34.646 34.638 34.630 34.622 34.614 34.604 34.594 34.582 34.569 34.556 34.544 34.532 34.519 34.506 34.492 34.478 34.463 34.448 34.434 34.420 34.407 34.394 34.380 34.365 34.350 34.335
34.480 34.485 34.490 34.495 34.500 34.505 34.512 34.519 34.527 34.535 34.543 34.552 34.561 34.571 34.581 34.592 34.602 34.611 34.621 34.630 34.640 34.648 34.656 34.663 34.670 34.676 34.680 34.684 34.688 34.691 34.692 34.694 34.696 34.697 34.696 34.693 34.691 34.689 34.686 34.683 34.680 34.676 34.671 34.665 34.658 34.652 34.645 34.637 34.629 34.621 34.612 34.601 34.589 34.577 34.564 34.552 34.539 34.527 34.514 34.500 34.485 34.470 34.456 34.441 34.428 34.414 34.401 34.387 34.371 34.356 34.341
34.474 34.479 34.485 34.491 34.496 34.502 34.509 34.516 34.524 34.532 34.541 34.551 34.560 34.571 34.581 34.591 34.601 34.610 34.619 34.629 34.638 34.647 34.655 34.663 34.669 34.675 34.680 34.685 34.689 34.691 34.693 34.695 34.698 34.699 34.698 34.696 34.693 34.691 34.689 34.687 34.684 34.680 34.675 34.670 34.663 34.657 34.650 34.642 34.635 34.627 34.619 34.608 34.596 34.584 34.572 34.560 34.547 34.535 34.522 34.508 34.493 34.478 34.464 34.449 34.435 34.422 34.409 34.394 34.378 34.362 34.347
34.469 34.474 34.480 34.486 34.492 34.499 34.506 34.514 34.522 34.531 34.540 34.550 34.560 34.570 34.580 34.591 34.601 34.610 34.619 34.628 34.637 34.646 34.654 34.662 34.669 34.675 34.680 34.685 34.689 34.692 34.694 34.696 34.699 34.701 34.700 34.698 34.696 34.694 34.692 34.690 34.688 34.684 34.680 34.674 34.668 34.661 34.654 34.647 34.640 34.633 34.625 34.614 34.602 34.590 34.579 34.567 34.555 34.543 34.530 34.516 34.501 34.486 34.472 34.457 34.443 34.429 34.416 34.402 34.386 34.369 34.354
34.463 34.469 34.475 34.481 34.488 34.496 34.504 34.512 34.520 34.529 34.538 34.548 34.558 34.569 34.580 34.590 34.601 34.610 34.619 34.628 34.636 34.645 34.653 34.661 34.668 34.674 34.679 34.684 34.688 34.691 34.694 34.697 34.700 34.701 34.701 34.699 34.698 34.696 34.695 34.692 34.690 34.687 34.683 34.677 34.671 34.665 34.658 34.651 34.645 34.638 34.630 34.619 34.608 34.597 34.586 34.574 34.561 34.549 34.537 34.524 34.509 34.494 34.479 34.465 34.451 34.437 34.424 34.409 34.393 34.377 34.360
34.457 34.463 34.470 34.477 34.484 34.492 34.501 34.509 34.518 34.527 34.536 34.546 34.556 34.567 34.578 34.590 34.600 34.610 34.619 34.627 34.635 34.644 34.652 34.661 34.668 34.673 34.678 34.682 34.687 34.690 34.694 34.697 34.700 34.701 34.701 34.700 34.699 34.698 34.696 34.694 34.691 34.689 34.685 34.680 34.674 34.668 34.662 34.655 34.649 34.642 34.634 34.624 34.613 34.602 34.591 34.579 34.566 34.554 34.543 34.530 34.516 34.501 34.486 34.472 34.457 34.444 34.430 34.416 34.400 34.383 34.367
34.451 34.458 34.465 34.472 34.480 34.488 34.497 34.505 34.515 34.524 34.534 34.543 34.553 34.565 34.576 34.588 34.599 34.609 34.618 34.626 34.634 34.643 34.651 34.659 34.666 34.672 34.676 34.681 34.685 34.689 34.693 34.696 34.699 34.700 34.701 34.700 34.699 34.698 34.696 34.694 34.692 34.690 34.686 34.681 34.676 34.670 34.665 34.658 34.652 34.645 34.638 34.628 34.617 34.606 34.595 34.583 34.571 34.559 34.548 34.535 34.521 34.506 34.492 34.477 34.463 34.449 34.435 34.421 34.405 34.389 34.372
34.446 34.453 34.460 34.468 34.476 34.484 34.492 34.502 34.511 34.520 34.530 34.541 34.551 34.562 34.574 34.586 34.597 34.607 34.616 34.625 34.633 34.641 34.649 34.657 34.664 34.670 34.675 34.679 34.684 34.688 34.691 34.694 34.697 34.699 34.699 34.698 34.698 34.697 34.695 34.693 34.692 34.690 34.686 34.681 34.676 34.671 34.666 34.660 34.653 34.647 34.640 34.631 34.620 34.609 34.598 34.587 34.575 34.563 34.552 34.539 34.525 34.511 34.497 34.482 34.468 34.453 34.440 34.425 34.409 34.393 34.377
34.441 34.448 34.456 34.463 34.471 34.479 34.488 34.498 34.507 34.517 34.527 34.538 34.549 34.560 34.572 34.584 34.595 34.605 34.614 34.623 34.632 34.640 34.648 34.655 34.662 34.668 34.673 34.677 34.682 34.686 34.689 34.692 34.695 34.697 34.698 34.697 34.696 34.695 34.694 34.692 34.691 34.689 34.686 34.681 34.676 34.672 34.667 34.661 34.655 34.649 34.641 34.632 34.622 34.611 34.600 34.589 34.578 34.567 34.555 34.543 34.529 34.515 34.501 34.487 34.472 34.458 34.444 34.430 34.413 34.396 34.381
34.437 34.444 34.451 34.459 34.467 34.476 34.485 34.494 34.504 34.513 34.524 34.535 34.547 34.558 34.570 34.582 34.594 34.604 34.613 34.622 34.631 34.639 34.646 34.654 34.661 34.667 34.671 34.675 34.680 34.685 34.688 34.691 34.694 34.696 34.696 34.695 34.694 34.693 34.692 34.691 34.690 34.688 34.685 34.681 34.676 34.672 34.667 34.661 34.656 34.650 34.643 34.634 34.624 34.613 34.603 34.592 34.581 34.570 34.559 34.547 34.533 34.519 34.505 34.491 34.477 34.463 34.449 34.435 34.418 34.401 34.385
34.433 34.441 34.447 34.455 34.463 34.472 34.482 34.491 34.500 34.510 34.521 34.532 34.544 34.555 34.568 34.580 34.592 34.602 34.612 34.621 34.630 34.638 34.645 34.653 34.660 34.665 34.669 34.674 34.679 34.683 34.686 34.689 34.692 34.694 34.694 34.693 34.692 34.692 34.691 34.689 34.688 34.687 34.685 34.681 34.676 34.672 34.667 34.662 34.656 34.651 34.644 34.635 34.625 34.615 34.605 34.594 34.584 34.574 34.563 34.551 34.537 34.523 34.510 34.496 34.482 34.468 34.454 34.440 34.423 34.406 34.389
34.429 34.436 34.444 34.452 34.460 34.469 34.478 34.487 34.497 34.507 34.518 34.529 34.541 34.553 34.565 34.578 34.590 34.600 34.610 34.619 34.628 34.636 34.644 34.651 34.658 34.664 34.668 34.673 34.677 34.682 34.685 34.688 34.690 34.692 34.692 34.691 34.691 34.690 34.689 34.688 34.687 34.686 34.684 34.680 34.676 34.672 34.667 34.662 34.657 34.652 34.645 34.636 34.627 34.617 34.607 34.598 34.587 34.577 34.567 34.555 34.541 34.527 34.514 34.500 34.486 34.472 34.459 34.444 34.428 34.411 34.394
34.425 34.432 34.440 34.448 34.457 34.465 34.474 34.484 34.494 34.504 34.515 34.526 34.538 34.550 34.562 34.575 34.587 34.598 34.607 34.617 34.625 34.634 34.642 34.649 34.656 34.662 34.667 34.671 34.676 34.679 34.682 34.685 34.688 34.689 34.689 34.689 34.688 34.688 34.687 34.687 34.686 34.684 34.682 34.679 34.675 34.671 34.666 34.661 34.657 34.652 34.645 34.637 34.627 34.618 34.609 34.600 34.590 34.580 34.569 34.558 34.544 34.531 34.517 34.503 34.489 34.475 34.462 34.448 34.432 34.415 34.399
34.421 34.429 34.437 34.444 34.453 34.461 34.470 34.480 34.490 34.500 34.511 34.523 34.534 34.546 34.558 34.571 34.583 34.594 34.603 34.613 34.622 34.630 34.638 34.646 34.653 34.659 34.664 34.668 34.672 34.675 34.678 34.681 34.684 34.686 34.686 34.685 34.684 34.684 34.684 34.684 34.683 34.681 34.679 34.676 34.672 34.668 34.664 34.659 34.655 34.650 34.644 34.636 34.627 34.618 34.609 34.600 34.590 34.580 34.570 34.559 34.546 34.532 34.519 34.505 34.491 34.477 34.464 34.450 34.434 34.418 34.401
34.418 34.425 34.433 34.440 34.448 34.457 34.466 34.476 34.487 34.497 34.508 34.519 34.531 34.542 34.554 34.566 34.578 34.589 34.599 34.608 34.618 34.626 34.634 34.642 34.649 34.655 34.660 34.664 34.667 34.670 34.673 34.676 34.680 34.682 34.682 34.681 34.680 34.680 34.680 34.680 34.679 34.678 34.675 34.672 34.668 34.664 34.660 34.656 34.652 34.648 34.642 34.634 34.625 34.616 34.607 34.598 34.588 34.579 34.570 34.559 34.546 34.532 34.519 34.505 34.492 34.478 34.465 34.450 34.435 34.419 34.403
34.414 34.422 34.429 34.437 34.445 34.454 34.463 34.473 34.483 34.493 34.504 34.515 34.526 34.537 34.549 34.561 34.573 34.584 34.594 34.604 34.613 34.621 34.629 34.637 34.645 34.651 34.656 34.660 34.663 34.666 34.669 34.672 34.675 34.677 34.677 34.677 34.677 34.677 34.676 34.675 34.675 34.674 34.672 34.668 34.665 34.661 34.657 34.653 34.649 34.644 34.639 34.632 34.623 34.614 34.605 34.596 34.586 34.577 34.568 34.557 34.545 34.531 34.518 34.505 34.492 34.479 34.465 34.451 34.436 34.420 34.404
34.411 34.418 34.426 34.435 34.443 34.452 34.461 34.470 34.480 34.490 34.500 34.511 34.522 34.533 34.544 34.556 34.567 34.578 34.589 34.599 34.608 34.617 34.625 34.633 34.641 34.647 34.652 34.656 34.660 34.663 34.665 34.668 34.671 34.673 34.673 34.673 34.673 34.673 34.672 34.671 34.671 34.670 34.669 34.665 34.662 34.658 34.654 34.650 34.645 34.641 34.636 34.629 34.620 34.612 34.603 34.594 34.585 34.575 34.566 34.555 34.543 34.530 34.518 34.505 34.492 34.479 34.466 34.452 34.437 34.421 34.405
34.408 34.415 34.423 34.432 34.440 34.449 34.458 34.467 34.477 34.487 34.497 34.507 34.518 34.529 34.540 34.551 34.562 34.573 34.584 34.594 34.603 34.612 34.620 34.628 34.636 34.642 34.647 34.652 34.656 34.659 34.661 34.664 34.666 34.668 34.669 34.669 34.669 34.668 34.667 34.666 34.667 34.667 34.666 34.662 34.658 34.655 34.651 34.647 34.642 34.638 34.633 34.626 34.618 34.610 34.602 34.592 34.583 34.574 34.565 34.554 34.542 34.529 34.517 34.505 34.492 34.479 34.466 34.453 34.438 34.422 34.406
